Nx=30
Ny=30
dt=0.0002
t_fin=0.5002
Pe=10.
T_unten=0.
T_oben=1.
r_end=0.0001
omega=1.1
b_Q=0
outname=/home/marszal/Projects/Num_Str_final/BTCS/output.txt
dirname=/home/marszal/Projects/Num_Str_final/BTCS/data/snapshots/
t_snap=0.0002,0.00525050505051,0.010301010101,0.0153515151515,0.020402020202,0.0254525252525,0.030503030303,0.0355535353535,0.040604040404,0.0456545454545,0.0507050505051,0.0557555555556,0.0608060606061,0.0658565656566,0.0709070707071,0.0759575757576,0.0810080808081,0.0860585858586,0.0911090909091,0.0961595959596,0.10121010101,0.106260606061,0.111311111111,0.116361616162,0.121412121212,0.126462626263,0.131513131313,0.136563636364,0.141614141414,0.146664646465,0.151715151515,0.156765656566,0.161816161616,0.166866666667,0.171917171717,0.176967676768,0.182018181818,0.187068686869,0.192119191919,0.19716969697,0.20222020202,0.207270707071,0.212321212121,0.217371717172,0.222422222222,0.227472727273,0.232523232323,0.237573737374,0.242624242424,0.247674747475,0.252725252525,0.257775757576,0.262826262626,0.267876767677,0.272927272727,0.277977777778,0.283028282828,0.288078787879,0.293129292929,0.29817979798,0.30323030303,0.308280808081,0.313331313131,0.318381818182,0.323432323232,0.328482828283,0.333533333333,0.338583838384,0.343634343434,0.348684848485,0.353735353535,0.358785858586,0.363836363636,0.368886868687,0.373937373737,0.378987878788,0.384038383838,0.389088888889,0.394139393939,0.39918989899,0.40424040404,0.409290909091,0.414341414141,0.419391919192,0.424442424242,0.429492929293,0.434543434343,0.439593939394,0.444644444444,0.449694949495,0.454745454545,0.459795959596,0.464846464646,0.469896969697,0.474947474747,0.479997979798,0.485048484848,0.490098989899,0.495149494949,0.5002
