Nx=30
Ny=30
dt=0.1
t_fin=2.
Pe=10.
b_Q=0
outname=/home/marszal/Projects/Num_Str_final/FTCS/data/SSE_0.0002.txt
dirname=/home/marszal/Projects/Num_Str_final/BTCS/data/snapshots/
t_snap=0.000002,0.00555733333333,0.0111126666667,0.016668,0.0222233333333,0.0277786666667,0.033334,0.0388893333333,0.0444446666667,0.05
