Nx=5
Ny=5
dt=.0002
t_fin=0.01
Pe=10.
b_Q=0
outname=/home/marszal/Projects/Num_Str_final/FTCS/data/SSE_0.0002.txt
dirname=/home/marszal/Projects/Num_Str_final/BTCS/data/snapshots/
t_snap=0.0002,0.00128889,0.00237778,0.00346667,0.00455556,0.00564444,0.00673333,0.00782222,0.00891111,0.01 
