Nx=25
Ny=25
dt=0.0001
t_fin=0.5002
Pe=10.
T_unten=0.
T_oben=1.
r_end=0.0001
omega=1.0
b_Q=1
outname=/home/marszal/Projects/Num_Str_final/FTCS/data/SSE/25x25.txt
dirname=/home/marszal/Projects/Num_Str_final/FTCS/data/snapshots/all/
t_snap=0.000002,0.00555733333333,0.0111126666667,0.016668,0.0222233333333,0.0277786666667,0.033334,0.0388893333333,0.0444446666667,0.05
